n_states
4

nout
2

mass
1.0000000

Lc
1.0000000

Ko
1.0000000

K2
0.0000000

F_o
1.0000000 0.0020000 0.0000020 0.0000000 
0.0000000 1.0000000 0.0020000 0.0000000 
0.0000000 0.0000000 0.0000000 1.0000000 
0.0000000 0.0000000 0.0000000 1.0000000 

F_c
1.0000000 0.0020000 0.0000020 0.0000000 
0.0000000 1.0000000 0.0020000 0.0000000 
0.0000000 0.0000000 0.0000000 0.0000000 
0.0000000 0.0000000 0.0000000 1.0000000 

C
1.0000000 0.0000000 0.0000000 0.0000000 
0.0000000 1.0000000 0.0000000 0.0000000 

P_zero
 0.1000000  0.0000000  0.0000000  0.0000000 
 0.0000000  0.1000000  0.0000000  0.0000000 
 0.0000000  0.0000000  0.0000000  0.0000000 
 0.0000000  0.0000000  0.0000000 100.0000000 

Q_noise
 0.1000000  0.0000000  0.0000000  0.0000000 
 0.0000000  0.1000000  0.0000000  0.0000000 
 0.0000000  0.0000000  0.0000000  0.0000000 
 0.0000000  0.0000000  0.0000000 100.0000000 

R_noise
 1.0000000  0.0000000 
 0.0000000  1.0000000 

L_NAOB
0.0000000
0.0000000
0.0000000
1.0000000


GAMA
0.0000000
0.0000000
1.0000000
0.0000000

Kk
0.2701595 0.0007322 
0.0007322 0.3112861 
0.0223134 8.2988235 
0.0223134 8.2988235 

