n_states
4

F_o
1.0000000 0.0020000 0.0000020 0.0000000 
0.0000000 1.0000000 0.0020000 0.0000000 
0.0000000 0.0000000 0.0000000 1.0000000 
0.0000000 0.0000000 0.0000000 1.0000000 

F_c
1.0000000 0.0020000 0.0000020 0.0000000 
0.0000000 1.0000000 0.0020000 0.0000000 
0.0000000 0.0000000 0.0000000 0.0000000 
0.0000000 0.0000000 0.0000000 1.0000000 

C
1.000000 0.000000 0.000000 0.000000 
0.000000 1.000000 0.000000 0.000000 

P_zero
10.00000000000000 0.00000000000000 0.00000000000000 0.00000000000000 
0.00000000000000 10.00000000000000 0.00000000000000 0.00000000000000 
0.00000000000000 0.00000000000000 0.00000000000100 0.00000000000000 
0.00000000000000 0.00000000000000 0.00000000000000 100.00000000000000 

Q_noise
10.00000000000000 0.00000000000000 0.00000000000000 0.00000000000000 
0.00000000000000 10.00000000000000 0.00000000000000 0.00000000000000 
0.00000000000000 0.00000000000000 0.00000000000100 0.00000000000000 
0.00000000000000 0.00000000000000 0.00000000000000 100.00000000000000 

R_noise
1.00000000000000 0.00000000000000 
0.00000000000000 1.00000000000000 

L_NAOB
0.0000000
0.0000000
0.0000000
1.0000000


GAMA
0.0000000
0.0000000
1.0000000
0.0000000

Kk
0.9160798080 0.0000135304 
0.0000135304 0.9166085821 
0.0029253606 2.8877552436 
0.0029253606 2.8877552436 

