n_states
4

F_o
1.0000000 0.0020000 0.0000020 0.0000000 
0.0000000 1.0000000 0.0020000 0.0000000 
0.0000000 0.0000000 0.0000000 1.0000000 
0.0000000 0.0000000 0.0000000 1.0000000 

F_c
1.0000000 0.0020000 0.0000020 0.0000000 
0.0000000 1.0000000 0.0020000 0.0000000 
0.0000000 0.0000000 0.0000000 0.0000000 
0.0000000 0.0000000 0.0000000 1.0000000 

C
1.000000 0.000000 0.000000 0.000000 

P_zero
0.10000000000000 0.00000000000000 0.00000000000000 0.00000000000000 
0.00000000000000 0.00000000000100 0.00000000000000 0.00000000000000 
0.00000000000000 0.00000000000000 0.00000000000100 0.00000000000000 
0.00000000000000 0.00000000000000 0.00000000000000 10.00000000000000 

Q_noise
0.10000000000000 0.00000000000000 0.00000000000000 0.00000000000000 
0.00000000000000 0.00000000000100 0.00000000000000 0.00000000000000 
0.00000000000000 0.00000000000000 0.00000000000100 0.00000000000000 
0.00000000000000 0.00000000000000 0.00000000000000 10.00000000000000 

R_noise
1.00000000

L_NAOB
0.0000000
0.0000000
0.0000000
1.0000000


GAMA
0.0000000
0.0000000
1.0000000
0.0000000

Kk
0.2766544
1.2198888
2.6895085
2.6895085
