n_states
4

nout
1

mass
1.0000

Lc
0.0468056735

Ko
50000.0000000000

K2
33.3333333333

F_o
1.0000000 0.0019348 0.0978143 0.0000000 
0.0000000 0.9355070 96.7395225 0.0000000 
0.0000000 0.0000000 0.0000000 1.0000000 
0.0000000 0.0000000 0.0000000 1.0000000 

F_c
1.0000000 0.0019348 0.0978143 0.0000000 
0.0000000 0.9355070 96.7395225 0.0000000 
-0.0468057 -0.0012631 -0.1258321 0.0000000 
0.0000000 0.0000000 0.0000000 1.0000000 

C
1.000000 0.000000 0.000000 0.000000 

P_zero
0.00100000000000000002 0.00000000000000000000 0.00000000000000000000 0.00000000000000000000 
0.00000000000000000000 0.00000000000100000000 0.00000000000000000000 0.00000000000000000000 
0.00000000000000000000 0.00000000000000000000 0.00000000000100000000 0.00000000000000000000 
0.00000000000000000000 0.00000000000000000000 0.00000000000000000000 0.00050000000000000001 

Q_noise
0.00100000000000000002 0.00000000000000000000 0.00000000000000000000 0.00000000000000000000 
0.00000000000000000000 0.00000000000100000000 0.00000000000000000000 0.00000000000000000000 
0.00000000000000000000 0.00000000000000000000 0.00000000000100000000 0.00000000000000000000 
0.00000000000000000000 0.00000000000000000000 0.00000000000000000000 0.00050000000000000001 

R_noise
1.00000000

L_NAOB
0.0468057
0.0012631
0.1258321
1.0000000


GAMA
0.0000000
0.0000000
1.0000000
0.0000000

Kk
0.2394748
16.1404205
0.0195003
0.0195003
