n_states
4

nout
2

mass
1.0000000

Lc
11.8109967

Ko
500.0000000

K2
20.0000000

F_o
1.0000000 0.0019605 0.0009868 0.0000000 
0.0000000 0.9607894 0.9802640 0.0000000 
0.0000000 0.0000000 0.0000000 1.0000000 
0.0000000 0.0000000 0.0000000 1.0000000 

F_c
1.0000000 0.0019605 0.0009868 0.0000000 
0.0000000 0.9607894 0.9802640 0.0000000 
-11.8109967 -0.0344280 -0.0231558 0.0000000 
0.0000000 0.0000000 0.0000000 1.0000000 

C
1.0000000 0.0000000 0.0000000 0.0000000 
0.0000000 1.0000000 0.0000000 0.0000000 

P_zero
 0.1000000  0.0000000  0.0000000  0.0000000 
 0.0000000  0.1000000  0.0000000  0.0000000 
 0.0000000  0.0000000  0.0000000  0.0000000 
 0.0000000  0.0000000  0.0000000  0.0000000 

Q_noise
 0.1000000  0.0000000  0.0000000  0.0000000 
 0.0000000  0.1000000  0.0000000  0.0000000 
 0.0000000  0.0000000  0.0000000  0.0000000 
 0.0000000  0.0000000  0.0000000  0.0000000 

R_noise
 1.0000000  0.0000000 
 0.0000000  1.0000000 

L_NAOB
11.8109967
0.0344280
0.0231558
1.0000000


GAMA
0.0000000
0.0000000
1.0000000
0.0000000

Kk
0.2701589 0.0005417 
0.0005417 0.2469855 
0.0000000 0.0000000 
0.0000000 0.0000000 

