n_states
4

nout
2

mass
1.0000000

Lc
0.0222182

Ko
50000.0000000

K2
66.6666667

F_o
1.0000000 0.0013367 0.0475105 0.0000000 
0.0000000 0.9108898 66.8326352 0.0000000 
0.0000000 0.0000000 0.0000000 1.0000000 
0.0000000 0.0000000 0.0000000 1.0000000 

F_c
1.0000000 0.0013367 0.0475105 0.0000000 
0.0000000 0.9108898 66.8326352 0.0000000 
-0.0222182 -0.0000436 -0.0020789 0.0000000 
0.0000000 0.0000000 0.0000000 1.0000000 

C
1.0000000 0.0000000 0.0000000 0.0000000 
0.0000000 1.0000000 0.0000000 0.0000000 

P_zero
 0.1000000  0.0000000  0.0000000  0.0000000 
 0.0000000  0.1000000  0.0000000  0.0000000 
 0.0000000  0.0000000  0.0000000  0.0000000 
 0.0000000  0.0000000  0.0000000  0.0100000 

Q_noise
 0.1000000  0.0000000  0.0000000  0.0000000 
 0.0000000  0.1000000  0.0000000  0.0000000 
 0.0000000  0.0000000  0.0000000  0.0000000 
 0.0000000  0.0000000  0.0000000  0.0100000 

R_noise
 1.0000000  0.0000000 
 0.0000000 1020408.1632653 

L_NAOB
0.0222182
0.0000436
0.0020789
1.0000000


GAMA
0.0000000
0.0000000
1.0000000
0.0000000

Kk
0.3735304 0.0000339 
34.5613488 0.0121512 
0.0742487 0.0000300 
0.0742487 0.0000300 

