n_states
4

nout
2

mass
1.0000000

Lc
99.9966668

Ko
1.0000000

K2
20.0000000

F_o
1.0000000 0.0019605 0.0000020 0.0000000 
0.0000000 0.9607894 0.0019605 0.0000000 
0.0000000 0.0000000 0.0000000 1.0000000 
0.0000000 0.0000000 0.0000000 1.0000000 

F_c
1.0000000 0.0019605 0.0000020 0.0000000 
0.0000000 0.9607894 0.0019605 0.0000000 
-99.9966668 -0.2914815 -0.0003921 0.0000000 
0.0000000 0.0000000 0.0000000 1.0000000 

C
1.0000000 0.0000000 0.0000000 0.0000000 
0.0000000 1.0000000 0.0000000 0.0000000 

P_zero
 0.1000000  0.0000000  0.0000000  0.0000000 
 0.0000000  0.1000000  0.0000000  0.0000000 
 0.0000000  0.0000000  0.0000000  0.0000000 
 0.0000000  0.0000000  0.0000000  0.0000000 

Q_noise
 0.1000000  0.0000000  0.0000000  0.0000000 
 0.0000000  0.1000000  0.0000000  0.0000000 
 0.0000000  0.0000000  0.0000000  0.0000000 
 0.0000000  0.0000000  0.0000000  0.0000000 

R_noise
 1.0000000  0.0000000 
 0.0000000  1.0000000 

L_NAOB
99.9966668
0.2914815
0.0003921
1.0000000


GAMA
0.0000000
0.0000000
1.0000000
0.0000000

Kk
0.2701589 0.0005417 
0.0005417 0.2469855 
0.0000000 0.0000000 
0.0000000 0.0000000 

