n_states
4

Lc
454.3068468248

Ko
5.0000000000

K2
3.3333333333

F_o
1.0000000 0.0019933 0.0000100 0.0000000 
0.0000000 0.9933555 0.0099667 0.0000000 
0.0000000 0.0000000 0.0000000 1.0000000 
0.0000000 0.0000000 0.0000000 1.0000000 

F_c
1.0000000 0.0019933 0.0000100 0.0000000 
0.0000000 0.9933555 0.0099667 0.0000000 
-454.3068468 -18.7607102 -0.1836807 0.0000000 
0.0000000 0.0000000 0.0000000 1.0000000 

C
1.000000 0.000000 0.000000 0.000000 

P_zero
0.10000000000000000555 0.00000000000000000000 0.00000000000000000000 0.00000000000000000000 
0.00000000000000000000 0.00000000000100000000 0.00000000000000000000 0.00000000000000000000 
0.00000000000000000000 0.00000000000000000000 0.00000000000100000000 0.00000000000000000000 
0.00000000000000000000 0.00000000000000000000 0.00000000000000000000 0.00000000000000000000 

Q_noise
0.10000000000000000555 0.00000000000000000000 0.00000000000000000000 0.00000000000000000000 
0.00000000000000000000 0.00000000000100000000 0.00000000000000000000 0.00000000000000000000 
0.00000000000000000000 0.00000000000000000000 0.00000000000100000000 0.00000000000000000000 
0.00000000000000000000 0.00000000000000000000 0.00000000000000000000 0.00000000000000000000 

R_noise
1.00000000

L_NAOB
454.3068468
18.7607102
0.1836807
1.0000000


GAMA
0.0000000
0.0000000
1.0000000
0.0000000

Kk
0.2701562
0.0000000
0.0000000
0.0000000
