n_states
4

nout
2

mass
1.0000000

Lc
0.0005000

Ko
50000.0000000

K2
10.0000000

F_o
1.0000000 0.0013902 0.0487721 0.0000000 
0.0000000 0.9860975 69.5122787 0.0000000 
0.0000000 0.0000000 0.0000000 1.0000000 
0.0000000 0.0000000 0.0000000 1.0000000 

F_c
1.0000000 0.0013902 0.0487721 0.0000000 
0.0000000 0.9860975 69.5122787 0.0000000 
-0.0005000 -0.0000010 -0.0000487 0.0000000 
0.0000000 0.0000000 0.0000000 1.0000000 

C
1.0000000 0.0000000 0.0000000 0.0000000 
0.0000000 1.0000000 0.0000000 0.0000000 

P_zero
 0.1000000  0.0000000  0.0000000  0.0000000 
 0.0000000  0.1000000  0.0000000  0.0000000 
 0.0000000  0.0000000  0.0000000  0.0000000 
 0.0000000  0.0000000  0.0000000  0.0100000 

Q_noise
 0.1000000  0.0000000  0.0000000  0.0000000 
 0.0000000  0.1000000  0.0000000  0.0000000 
 0.0000000  0.0000000  0.0000000  0.0000000 
 0.0000000  0.0000000  0.0000000  0.0100000 

R_noise
 1.0000000  0.0000000 
 0.0000000 1020408.1632653 

L_NAOB
0.0005000
0.0000010
0.0000487
1.0000000


GAMA
0.0000000
0.0000000
1.0000000
0.0000000

Kk
0.4061632 0.0000480 
49.0191572 0.0185741 
0.0708153 0.0000329 
0.0708153 0.0000329 

