n_states
4

Lc
46.8056735059

Ko
50.0000000000

K2
33.3333333333

F_o
1.0000000 0.0019348 0.0000978 0.0000000 
0.0000000 0.9355070 0.0967395 0.0000000 
0.0000000 0.0000000 0.0000000 1.0000000 
0.0000000 0.0000000 0.0000000 1.0000000 

F_c
1.0000000 0.0019348 0.0000978 0.0000000 
0.0000000 0.9355070 0.0967395 0.0000000 
-46.8056735 -1.2631291 -0.1258321 0.0000000 
0.0000000 0.0000000 0.0000000 1.0000000 

C
1.000000 0.000000 0.000000 0.000000 

P_zero
0.10000000000000000555 0.00000000000000000000 0.00000000000000000000 0.00000000000000000000 
0.00000000000000000000 0.00000000000100000000 0.00000000000000000000 0.00000000000000000000 
0.00000000000000000000 0.00000000000000000000 0.00000000000100000000 0.00000000000000000000 
0.00000000000000000000 0.00000000000000000000 0.00000000000000000000 0.00000000000000000000 

Q_noise
0.10000000000000000555 0.00000000000000000000 0.00000000000000000000 0.00000000000000000000 
0.00000000000000000000 0.00000000000100000000 0.00000000000000000000 0.00000000000000000000 
0.00000000000000000000 0.00000000000000000000 0.00000000000100000000 0.00000000000000000000 
0.00000000000000000000 0.00000000000000000000 0.00000000000000000000 0.00000000000000000000 

R_noise
1.00000000

L_NAOB
46.8056735
1.2631291
0.1258321
1.0000000


GAMA
0.0000000
0.0000000
1.0000000
0.0000000

Kk
0.2701562
0.0000000
0.0000000
0.0000000
