n_states
4

nout
2

mass
1.0000000

Lc
34765.6375806

Ko
1.0000000

K2
33.3333333

F_o
1.0000000 0.0020000 0.0000020 0.0000000 
0.0000000 1.0000000 0.0020000 0.0000000 
0.0000000 0.0000000 0.0000000 1.0000000 
0.0000000 0.0000000 0.0000000 1.0000000 

F_c
1.0000000 0.0020000 0.0000020 0.0000000 
0.0000000 1.0000000 0.0020000 0.0000000 
-34765.6375806 -407.6765523 -0.7458218 0.0000000 
0.0000000 0.0000000 0.0000000 1.0000000 

C
1.0000000 0.0000000 0.0000000 0.0000000 
0.0000000 1.0000000 0.0000000 0.0000000 

P_zero
10000.0000000  0.0000000  0.0000000  0.0000000 
 0.0000000 10.0000000  0.0000000  0.0000000 
 0.0000000  0.0000000  0.0000000  0.0000000 
 0.0000000  0.0000000  0.0000000 100000.0000000 

Q_noise
10000.0000000  0.0000000  0.0000000  0.0000000 
 0.0000000 10.0000000  0.0000000  0.0000000 
 0.0000000  0.0000000  0.0000000  0.0000000 
 0.0000000  0.0000000  0.0000000 100000.0000000 

R_noise
 1.0000000  0.0000000 
 0.0000000 500000.0000000 

L_NAOB
34765.6375806
407.6765523
0.7458218
1.0000000


GAMA
0.0000000
0.0000000
1.0000000
0.0000000

Kk
0.9999000 0.0000000 
0.0041173 0.0416343 
0.0428414 0.4377611 
0.0428414 0.4377611 

