n_states
4

nout
2

Lc
20088.6244713

K2
33.3333333

F_o
1.0000000 0.0020000 0.0000020 0.0000000 
0.0000000 1.0000000 0.0020000 0.0000000 
0.0000000 0.0000000 0.0000000 1.0000000 
0.0000000 0.0000000 0.0000000 1.0000000 

F_c
1.0000000 0.0020000 0.0000020 0.0000000 
0.0000000 1.0000000 0.0020000 0.0000000 
-20088.6244713 -303.5573139 -0.5669374 0.0000000 
0.0000000 0.0000000 0.0000000 1.0000000 

C
1.0000000 0.0000000 0.0000000 0.0000000 
0.0000000 1.0000000 0.0000000 0.0000000 

P_zero
 0.1000000  0.0000000  0.0000000  0.0000000 
 0.0000000  0.0010000  0.0000000  0.0000000 
 0.0000000  0.0000000  0.0000000  0.0000000 
 0.0000000  0.0000000  0.0000000  0.0010000 

Q_noise
 0.1000000  0.0000000  0.0000000  0.0000000 
 0.0000000  0.0010000  0.0000000  0.0000000 
 0.0000000  0.0000000  0.0000000  0.0000000 
 0.0000000  0.0000000  0.0000000  0.0010000 

R_noise
 1.0000000  0.0000000 
 0.0000000 500000.0000000 

L_NAOB
20088.6244713
303.5573139
0.5669374
1.0000000


GAMA
0.0000000
0.0000000
1.0000000
0.0000000

Kk
0.2708010 0.0000002 
0.1195184 0.0000443 
0.0263484 0.0000098 
0.0263484 0.0000098 

