n_states
4

Lc
2263.9792515157

F_o
1.0000000 0.0020000 0.0000020 0.0000000 
0.0000000 1.0000000 0.0020000 0.0000000 
0.0000000 0.0000000 0.0000000 1.0000000 
0.0000000 0.0000000 0.0000000 1.0000000 

F_c
1.0000000 0.0020000 0.0000020 0.0000000 
0.0000000 1.0000000 0.0020000 0.0000000 
-2263.9792515 -97.4265612 -0.1903252 0.0000000 
0.0000000 0.0000000 0.0000000 1.0000000 

C
1.000000 0.000000 0.000000 0.000000 
0.000000 1.000000 0.000000 0.000000 

P_zero
1.00000000000000 0.00000000000000 0.00000000000000 0.00000000000000 
0.00000000000000 0.00000000000100 0.00000000000000 0.00000000000000 
0.00000000000000 0.00000000000000 0.00000000000100 0.00000000000000 
0.00000000000000 0.00000000000000 0.00000000000000 10.00000000000000 

Q_noise
1.00000000000000 0.00000000000000 0.00000000000000 0.00000000000000 
0.00000000000000 0.00000000000100 0.00000000000000 0.00000000000000 
0.00000000000000 0.00000000000000 0.00000000000100 0.00000000000000 
0.00000000000000 0.00000000000000 0.00000000000000 10.00000000000000 

R_noise
1.00000000000000 0.00000000000000 
0.00000000000000 1.00000000000000 

L_NAOB
2263.9792515
97.4265612
0.1903252
1.0000000


GAMA
0.0000000
0.0000000
1.0000000
0.0000000

Kk
0.6180341322 0.0001233021 
0.0001233021 0.1064004846 
0.0032475674 2.9893082501 
0.0032475674 2.9893082501 

