n_states
4

Lc
594.6422586329

F_o
1.0000000 0.0020000 0.0000020 0.0000000 
0.0000000 1.0000000 0.0020000 0.0000000 
0.0000000 0.0000000 0.0000000 1.0000000 
0.0000000 0.0000000 0.0000000 1.0000000 

F_c
1.0000000 0.0020000 0.0000020 0.0000000 
0.0000000 1.0000000 0.0020000 0.0000000 
-594.6422586 -49.3652178 -0.0975412 0.0000000 
0.0000000 0.0000000 0.0000000 1.0000000 

C
1.000000 0.000000 0.000000 0.000000 

P_zero
0.00000000000100000000 0.00000000000000000000 0.00000000000000000000 0.00000000000000000000 
0.00000000000000000000 0.00000000000100000000 0.00000000000000000000 0.00000000000000000000 
0.00000000000000000000 0.00000000000000000000 0.00000000000100000000 0.00000000000000000000 
0.00000000000000000000 0.00000000000000000000 0.00000000000000000000 0.10000000000000000555 

Q_noise
0.00000000000100000000 0.00000000000000000000 0.00000000000000000000 0.00000000000000000000 
0.00000000000000000000 0.00000000000100000000 0.00000000000000000000 0.00000000000000000000 
0.00000000000000000000 0.00000000000000000000 0.00000000000100000000 0.00000000000000000000 
0.00000000000000000000 0.00000000000000000000 0.00000000000000000000 0.10000000000000000555 

R_noise
1.00000000

L_NAOB
594.6422586
49.3652178
0.0975412
1.0000000


GAMA
0.0000000
0.0000000
1.0000000
0.0000000

Kk
0.0213974
0.1157037
0.3128262
0.3128262
