n_states
4

Lc
0.5770331559

Ks
300.0000000000

F_o
1.0000000 0.0020000 0.0006000 0.0000000 
0.0000000 1.0000000 0.6000000 0.0000000 
0.0000000 0.0000000 0.0000000 1.0000000 
0.0000000 0.0000000 0.0000000 1.0000000 

F_c
1.0000000 0.0020000 0.0006000 0.0000000 
0.0000000 1.0000000 0.6000000 0.0000000 
-0.5770332 -0.0882912 -0.0526285 0.0000000 
0.0000000 0.0000000 0.0000000 1.0000000 

C
1.000000 0.000000 0.000000 0.000000 
0.000000 1.000000 0.000000 0.000000 

P_zero
0.10000000000000 0.00000000000000 0.00000000000000 0.00000000000000 
0.00000000000000 0.00000000000000 0.00000000000000 0.00000000000000 
0.00000000000000 0.00000000000000 0.00000000000100 0.00000000000000 
0.00000000000000 0.00000000000000 0.00000000000000 0.00000000000000 

Q_noise
0.10000000000000 0.00000000000000 0.00000000000000 0.00000000000000 
0.00000000000000 0.00000000000000 0.00000000000000 0.00000000000000 
0.00000000000000 0.00000000000000 0.00000000000100 0.00000000000000 
0.00000000000000 0.00000000000000 0.00000000000000 0.00000000000000 

R_noise
1.00000000000000 0.00000000000000 
0.00000000000000 1.00000000000000 

L_NAOB
0.5770332
0.0882912
0.0526285
1.0000000


GAMA
0.0000000
0.0000000
1.0000000
0.0000000

Kk
0.2701562119 0.0000000000 
0.0000000000 0.0000000054 
0.0000000000 0.0000000000 
0.0000000000 0.0000000000 

