n_states
4

Lc
0.2379064549

Ko
10000.0000000000

K2
50.0000000000

F_o
1.0000000 0.0019033 0.0193497 0.0000000 
0.0000000 0.9048374 19.0325164 0.0000000 
0.0000000 0.0000000 0.0000000 1.0000000 
0.0000000 0.0000000 0.0000000 1.0000000 

F_c
1.0000000 0.0019033 0.0193497 0.0000000 
0.0000000 0.9048374 19.0325164 0.0000000 
-0.2379065 -0.0047581 -0.0951626 0.0000000 
0.0000000 0.0000000 0.0000000 1.0000000 

C
1.000000 0.000000 0.000000 0.000000 

P_zero
0.10000000000000000555 0.00000000000000000000 0.00000000000000000000 0.00000000000000000000 
0.00000000000000000000 0.00000000000100000000 0.00000000000000000000 0.00000000000000000000 
0.00000000000000000000 0.00000000000000000000 0.00000000000100000000 0.00000000000000000000 
0.00000000000000000000 0.00000000000000000000 0.00000000000000000000 10.00000000000000000000 

Q_noise
0.10000000000000000555 0.00000000000000000000 0.00000000000000000000 0.00000000000000000000 
0.00000000000000000000 0.00000000000100000000 0.00000000000000000000 0.00000000000000000000 
0.00000000000000000000 0.00000000000000000000 0.00000000000100000000 0.00000000000000000000 
0.00000000000000000000 0.00000000000000000000 0.00000000000000000000 10.00000000000000000000 

R_noise
1.00000000

L_NAOB
0.2379065
0.0047581
0.0951626
1.0000000


GAMA
0.0000000
0.0000000
1.0000000
0.0000000

Kk
0.6219348
132.8349764
1.9443900
1.9443900
