n_states
4

Lc
4.6805673506

Ko
500.0000000000

K2
33.3333333333

F_o
1.0000000 0.0019348 0.0009781 0.0000000 
0.0000000 0.9355070 0.9673952 0.0000000 
0.0000000 0.0000000 0.0000000 1.0000000 
0.0000000 0.0000000 0.0000000 1.0000000 

F_c
1.0000000 0.0019348 0.0009781 0.0000000 
0.0000000 0.9355070 0.9673952 0.0000000 
-4.6805674 -0.1263129 -0.1258321 0.0000000 
0.0000000 0.0000000 0.0000000 1.0000000 

C
1.000000 0.000000 0.000000 0.000000 

P_zero
100.00000000000000000000 0.00000000000000000000 0.00000000000000000000 0.00000000000000000000 
0.00000000000000000000 0.00000000000100000000 0.00000000000000000000 0.00000000000000000000 
0.00000000000000000000 0.00000000000000000000 0.00000000000100000000 0.00000000000000000000 
0.00000000000000000000 0.00000000000000000000 0.00000000000000000000 0.00000000000000000000 

Q_noise
100.00000000000000000000 0.00000000000000000000 0.00000000000000000000 0.00000000000000000000 
0.00000000000000000000 0.00000000000100000000 0.00000000000000000000 0.00000000000000000000 
0.00000000000000000000 0.00000000000000000000 0.00000000000100000000 0.00000000000000000000 
0.00000000000000000000 0.00000000000000000000 0.00000000000000000000 0.00000000000000000000 

R_noise
1.00000000

L_NAOB
4.6805674
0.1263129
0.1258321
1.0000000


GAMA
0.0000000
0.0000000
1.0000000
0.0000000

Kk
0.9901951
0.0000000
0.0000000
0.0000000
