#<filter elongation>
3
#<number of scales>
2
# <scale value>
 2
 2.82843
#<number of clusters>
32
# <mean value for filter 1> ... <mean value for filter 26>
 0.367153 3.02007 12.5445 17.2698 18.5143 16.8972 12.3613 2.96891 -0.00410503 -0.489637 -1.72647 -5.91178 -8.12251 -6.02453 -1.80132 -0.49843 31.0646 0.522561 2.34509 8.36598 21.2919 34.1295 20.7425 8.23184 2.29554 -0.0169672
 1.02171 0.536222 0.692862 1.27844 2.92968 8.09359 10.4589 4.53645 3.08889 1.40307 -0.3906 -3.20478 -6.61429 -14.3768 -13.1645 -8.91035 9.27367 1.32735 0.14717 -0.184531 0.69127 4.04351 10.1961 9.9949 5.0557 4.91463
 13.7133 11.5792 8.09744 1.98984 0.247886 2.59622 10.2666 13.668 -10.6147 -8.3013 -2.92151 -0.893095 0.249356 1.82214 4.48504 10.2733 21.5862 22.9123 13.3895 5.37209 1.48365 0.272835 2.14392 7.60899 16.6857 -21.0618
 -0.346981 -1.13686 -3.9274 -1.80307 -0.997005 -1.95493 -4.20543 -1.26971 0.093607 0.082539 0.033207 0.0636027 0.0735587 0.0345973 -0.0387681 -0.107841 -8.38858 -1.01458 -1.68194 -3.35147 -2.96723 -2.65882 -3.22392 -3.75074 -1.90314 0.241912
 -0.533792 -0.804357 -1.4374 -0.672892 -0.401848 -0.703465 -1.47015 -0.80867 0.00955843 0.0122159 0.013852 0.0372381 0.0412935 0.0354264 0.010164 -0.00415076 -2.95992 -1.11209 -1.09699 -1.22986 -0.893942 -0.82002 -0.937947 -1.25845 -1.0866 0.0275989
 -0.00586075 0.395932 2.00283 1.67264 0.229989 1.21639 1.49921 0.253199 -0.185948 -1.85502 -5.38223 -15.7131 -19.2049 -14.2482 -4.44534 -1.22106 4.46297 -0.067519 0.279228 1.4955 3.06502 2.95491 2.25356 0.991678 0.147718 -0.307199
 4.94867 5.54485 4.85133 1.25662 0.0977086 1.00544 4.24557 5.04096 3.00252 2.54635 1.03205 0.457585 0.0762878 -0.254636 -0.830747 -2.38491 10.7434 9.69097 7.33165 3.68543 1.10974 0.0554689 0.79146 3.06504 6.52992 5.88619
 4.97242 4.67675 3.56039 0.915417 0.0547068 0.832774 3.37916 4.53118 -4.4441 -4.0626 -1.80072 -0.787108 -0.0734419 0.598597 1.58566 3.83479 8.03347 8.38999 5.67379 2.60821 0.731589 -0.0159261 0.631482 2.40036 5.39373 -8.97494
 -0.0509318 -0.758404 -2.95099 -4.77146 -5.31243 -4.75912 -3.13338 -0.817575 0.0103085 0.959872 2.26556 5.01565 5.11678 5.09227 2.36679 0.975965 -6.92797 0.0236351 -0.527412 -1.99523 -5.33997 -8.44331 -5.29395 -2.20342 -0.572303 0.0327604
 3.04531 2.05513 3.69451 3.4434 5.93412 15.4923 23.264 10.8663 -0.623133 -0.340437 0.00352451 0.474217 1.04013 2.25188 2.09821 1.49555 25.8872 4.56898 1.52604 1.2325 2.95624 9.6545 21.6151 23.6402 13.4248 -1.10562
 0.320945 1.07692 3.80112 1.70099 0.909472 1.96654 4.26132 1.2979 -0.0261341 -0.0387011 -0.0131907 0.0869619 0.132945 0.0826158 -0.00682799 -0.0122445 8.63239 0.980232 1.63471 3.26296 2.88292 2.58578 3.39249 3.88906 1.97669 -0.0317875
 14.3883 14.1199 11.3537 2.99756 0.56806 3.29125 12.2238 14.8593 5.60402 4.7228 1.86496 0.74275 0.0468752 -0.713958 -2.19139 -5.39796 27.8554 26.4965 17.4634 8.04122 2.54907 0.810258 2.92684 9.13231 18.9792 11.3533
 0.591076 0.85435 1.48984 0.688374 0.402091 0.677199 1.46657 0.837984 0.0159986 0.00845832 -0.00752348 -0.0192011 -0.0220253 -0.0261748 -0.0216373 -0.0254482 3.02076 1.19138 1.15374 1.26563 0.911325 0.811776 0.89289 1.23528 1.11768 0.0458447
 -1.61574 -1.30173 -0.727502 -0.127325 0.0704766 -0.127989 -0.729606 -1.29549 -3.73262 -3.5163 -1.60913 -0.716002 -0.00935624 0.686446 1.53834 3.36883 -1.66364 -2.38177 -1.38049 -0.496366 -0.0569329 0.130872 -0.0454417 -0.497827 -1.37443 -7.51788
 0.0382441 0.526837 2.10902 3.30676 3.94356 3.6142 2.42395 0.594593 -0.0824346 0.931648 2.45718 5.97921 6.80974 6.48435 3.08945 1.30313 5.08307 -0.0251578 0.35183 1.44947 3.68206 6.05492 4.08893 1.74479 0.400189 -0.102135
 2.32286 2.78627 2.61957 0.710301 0.0366449 0.306381 1.68131 2.07019 15.2758 13.6501 5.86885 2.48337 0.364905 -1.31489 -4.34115 -12.1765 5.12152 4.58097 3.82191 2.13617 0.695715 -0.00713748 0.145879 1.12614 2.77163 29.1848
 0.00403888 0.000974955 -0.00182819 -0.0046241 -0.00296687 -0.000805619 0.00305708 0.00259961 -0.00298077 -0.00314856 -0.0026674 -0.00180086 -0.000586969 -0.000518524 0.000138317 0.00222432 -0.00840457 0.00367155 -0.00101189 -0.000227675 -0.00561212 -0.0043177 -0.00130704 0.00506497 0.00186649 -0.00405204
 -8.90846 -10.3677 -11.0315 -3.47775 -1.24032 -4.65976 -13.8829 -12.1146 -1.02544 -1.38977 -0.673515 -0.33433 0.0556633 0.487105 0.780374 1.2893 -28.2951 -18.5349 -14.0449 -8.61221 -3.5568 -2.05319 -5.11649 -12.0455 -17.2044 -3.25121
 -1.06685 -3.79118 -13.293 -13.9742 -12.3512 -15.9627 -15.6313 -4.47348 0.0225353 0.0381323 -0.0608464 -0.602362 -1.15658 -0.845621 -0.200191 -0.0614768 -34.4057 -1.78654 -3.61215 -9.61217 -19.1761 -26.9019 -22.3192 -12.1232 -4.30016 0.0352972
 2.33224 6.68418 13.9826 6.56651 1.90283 2.85044 6.5602 2.78032 -0.725394 -1.23032 -1.38323 -2.36605 -1.83666 -1.48372 -0.2626 0.416126 22.0752 4.8751 9.63232 13.66 10.2508 5.20763 4.5312 4.68574 3.55043 -1.46978
 -0.00982982 -0.405634 -1.6899 -2.52855 -2.81689 -2.58481 -1.86811 -0.477208 -0.0137169 -0.873194 -2.14233 -4.94147 -5.25136 -4.92359 -2.15956 -0.848109 -4.0062 0.0226752 -0.292102 -1.16826 -2.9116 -4.50711 -2.92902 -1.36452 -0.377609 -0.0277844
 0.184395 2.00044 8.15138 9.10519 7.69477 7.84292 6.71201 1.49813 0.113261 0.413172 1.00202 2.70722 2.78317 2.1804 0.590006 0.0729406 18.0345 0.240556 1.74069 6.07235 12.4957 16.2437 10.446 4.55996 1.13104 0.20528
 -0.3546 -1.75288 -6.40889 -10.1509 -12.0698 -11.3336 -7.77024 -2.12772 0.165994 -1.10707 -3.33064 -8.74454 -9.59002 -9.78966 -4.35217 -1.72891 -16.9642 -0.5205 -1.36965 -4.08147 -11.4389 -20.0969 -13.0248 -5.4203 -1.71301 0.24192
 0.341586 2.70158 10.7121 16.7003 20.2933 16.4979 10.5221 2.61077 0.0127466 1.25053 3.78873 11.2408 14.1765 11.3831 3.93825 1.2657 26.4949 0.465029 2.02638 6.88931 18.9083 33.0638 18.7253 6.78163 1.93364 0.0329352
 -6.48127 -4.59046 -2.7771 -0.940341 -0.309255 -1.17257 -3.51618 -5.55088 -13.7977 -11.5501 -4.75242 -1.79081 0.180929 2.56433 6.07184 13.0478 -6.49677 -8.3728 -4.38364 -1.86555 -0.783703 -0.494056 -1.03776 -2.44667 -5.54026 -26.8176
 -0.616665 -2.26926 -7.86719 -6.31889 -4.67051 -6.32501 -7.95489 -2.30049 0.050631 0.0179356 -0.0513375 -0.0791633 -0.0131752 -0.135236 -0.108461 -0.102457 -18.3945 -1.15918 -2.52229 -6.33085 -9.50056 -10.9368 -9.58145 -6.51493 -2.53194 0.116114
 -0.433441 -2.09095 -7.6264 -12.6814 -16.0592 -14.1602 -9.29843 -2.58782 -0.150802 1.24174 3.6496 9.44488 10.2466 10.9229 4.83762 1.86742 -20.2869 -0.65489 -1.62477 -4.76904 -13.6906 -25.4588 -15.9461 -6.46334 -2.11332 -0.21853
 -4.79165 -5.7494 -5.45035 -1.41508 -0.0827055 -1.03433 -4.64192 -5.23482 -0.409254 -0.616541 -0.340516 -0.142113 -0.00381487 0.104204 0.236136 0.447906 -11.9611 -10.0393 -7.97273 -4.3172 -1.31106 -0.0308915 -0.787706 -3.36283 -7.04921 -1.1086
 -10.3499 -9.52134 -6.98719 -2.05095 -0.443107 -2.14556 -7.20254 -9.60007 7.96381 7.93211 3.7042 1.6263 -0.016622 -1.7405 -3.92816 -8.07924 -15.7059 -16.496 -11.0027 -5.04369 -1.75906 -0.652382 -1.8821 -5.24786 -10.8319 17.8271
 -1.23307 -1.07646 -0.648881 -0.101903 0.0827882 -0.0398553 -0.467982 -0.92173 3.63064 3.52086 1.6676 0.787768 0.0594904 -0.618818 -1.47263 -3.28498 -1.23568 -1.77781 -1.16777 -0.471933 -0.0443252 0.143739 0.0318087 -0.283263 -0.947412 7.42847
 -0.034794 0.853555 3.83724 5.93176 6.52457 5.6546 3.59822 0.753443 -0.0794968 -0.730264 -1.83783 -4.61093 -5.01796 -4.26634 -1.55108 -0.479199 9.20204 -0.169294 0.530976 2.5582 7.0754 11.1379 6.6369 2.34086 0.398067 -0.131642
 -0.011058 0.0719767 0.596603 -0.36782 -1.79071 -0.105974 0.708519 0.0825906 -0.120743 1.64974 5.33018 16.1162 20.9075 17.1899 6.31528 2.1642 1.59617 -0.0576948 0.0329609 0.504821 0.55489 -0.536184 0.849837 0.572688 0.0649447 -0.156019
