#<filter elongation>
1
#<number of scales>
2
# <scale value>
 2
 2.82843
#<number of clusters>
16
# <mean value for filter 1> ... <mean value for filter 26>
 -1.52477 -2.50094 -4.97072 -7.55132 -9.18355 -7.8429 -5.38548 -2.79031 1.13755 -12.4744 -27.2641 -42.5122 -53.619 -43.9211 -29.3687 -14.5963 -7.31247 -1.51261 -2.32444 -4.23874 -6.07116 -6.91972 -6.09019 -4.26639 -2.34251 0.978714
 0.111158 0.293876 0.746319 1.2121 1.47945 1.25651 0.809254 0.337837 0.0814229 -4.46288 -8.95587 -13.2627 -16.3821 -13.4156 -9.16592 -4.64087 0.997368 0.0427196 0.230206 0.720878 1.21646 1.45289 1.26872 0.795474 0.282483 0.0222132
 3.91272 7.39925 16.2763 25.5427 31.1113 26.6961 17.9091 8.55098 -0.794328 9.4272 19.7719 30.4386 38.4441 31.5577 21.4258 10.9921 22.0543 3.57558 6.7037 15.0169 23.399 27.5358 24.3842 16.4251 7.68911 -0.639486
 -5.01703 -8.09468 -15.6699 -23.4253 -27.7649 -24.1667 -16.7203 -8.83639 -0.199683 4.27982 8.01566 11.8078 14.887 11.9102 8.21331 4.5876 -18.5811 -5.50375 -8.80042 -17.0343 -25.0826 -28.8028 -25.5971 -17.7699 -9.31532 -0.252995
 -5.6485 -5.54717 -5.42974 -5.26723 -5.21705 -5.31272 -5.4936 -5.5924 0.0705447 0.0345605 0.0132865 0.00704339 0.00374937 -0.0124476 -0.0727848 -0.0997579 -5.57901 -7.44855 -7.50575 -7.64636 -7.64549 -7.63335 -7.75081 -7.79725 -7.61142 -0.0173594
 -17.487 -14.5824 -9.83735 -5.30296 -3.591 -5.94982 -10.7545 -15.2297 -28.4335 -22.8866 -15.4871 -7.78647 0.318616 8.31695 15.9627 23.2056 -13.0487 -15.6879 -13.5907 -9.35177 -5.1027 -3.50389 -5.59154 -10.0493 -14.0787 -31.4068
 -17.1594 -14.7801 -10.2896 -5.59337 -3.3993 -5.23381 -9.7816 -14.4204 29.259 23.9181 16.5254 8.6837 0.41833 -8.02357 -15.9907 -23.5872 -12.785 -15.1847 -13.564 -9.59932 -5.25303 -3.24971 -4.8524 -9.02811 -13.1641 32.1727
 -4.68663 -7.54437 -14.7619 -22.2282 -26.4856 -23.1195 -16.0239 -8.43597 0.359341 -4.44551 -8.65376 -12.9635 -16.3766 -13.2281 -9.11354 -5.04373 -17.7332 -5.13715 -8.21582 -16.065 -23.8093 -27.4492 -24.4668 -17.005 -8.87422 0.399805
 -0.121914 -0.113087 -0.0953744 -0.0755684 -0.0664714 -0.0722105 -0.0906483 -0.109735 0.0214819 0.012377 0.00334306 -0.00944471 -0.0242404 -0.0221695 -0.0235687 -0.0260642 -0.10766 -0.128077 -0.119306 -0.0984268 -0.0748025 -0.0645431 -0.0736403 -0.096769 -0.118146 0.0274457
 19.9908 17.1427 11.7123 6.04715 3.39567 5.6454 11.1444 16.741 27.6971 22.6523 15.6757 8.27842 0.497477 -7.48413 -15.0252 -22.2433 14.4605 18.1811 16.1077 11.0826 5.63649 3.16086 5.22218 10.4921 15.694 30.4747
 18.9433 15.6704 10.2662 5.08794 3.09765 5.77404 11.2393 16.3575 -28.3582 -22.662 -15.2383 -7.61666 0.455276 8.45964 16.098 23.2524 13.7731 16.7887 14.3142 9.40626 4.565 2.79703 5.24033 10.3704 14.9889 -31.1844
 3.63163 6.93551 15.4365 24.3435 29.6722 25.5446 17.1387 8.13521 0.840047 -7.9421 -16.6831 -25.7592 -32.6485 -26.8485 -18.2969 -9.53717 20.5549 3.33858 6.38934 14.5564 22.8142 26.8993 23.834 16.0146 7.40895 0.743162
 5.30286 5.03163 4.45782 3.80776 3.48974 3.7424 4.36538 4.96627 -0.271519 -0.309219 -0.297932 -0.260887 -0.208553 -0.0833726 0.00391664 0.115371 4.5574 6.87808 6.70808 6.1555 5.41956 5.03338 5.33555 6.03573 6.62411 -0.39577
 4.45518 6.95777 13.0478 19.2622 22.5682 19.874 13.9121 7.56977 -0.0540727 0.287516 0.500405 0.701485 0.891545 0.693811 0.510873 0.354001 14.19 5.27255 8.3558 16.0637 23.6087 27.0299 24.1384 16.821 8.886 -0.116351
 0.0337622 0.152103 0.501966 0.888423 1.13332 0.985342 0.639216 0.248623 -0.349106 4.62524 9.56002 14.2991 17.764 14.6509 10.1009 5.23469 0.743805 0.0058918 0.114741 0.483622 0.89099 1.11602 1.01168 0.656001 0.235579 -0.323796
 -2.11534 -3.5159 -7.1546 -10.988 -13.4485 -11.4949 -7.87351 -4.02161 -1.09612 13.1263 28.4325 44.1636 55.6572 45.6508 30.6389 15.2479 -10.6767 -1.99647 -3.05797 -5.76188 -8.43224 -9.75885 -8.6457 -6.0675 -3.27212 -0.909862

