#<filter elongation>
3
#<number of scales>
2
# <scale value>
 2
 2.82843
#<number of clusters>
16
# <mean value for filter 1> ... <mean value for filter 26>
 0.176949 1.32574 5.41729 7.42817 8.10375 8.03969 6.28168 1.61508 0.105169 -1.00246 -3.07827 -8.75989 -10.5521 -9.36805 -3.81023 -1.43346 13.6996 0.172557 0.964705 3.64431 9.05306 14.1343 9.80646 4.53362 1.28674 0.14484
 -0.223766 0.183333 0.517135 0.134392 0.016178 0.0973779 0.43948 0.0875435 10.392 9.42808 4.21067 1.80946 0.0723139 -1.68034 -4.16948 -9.29508 1.22539 0.380516 0.608014 0.482308 0.160641 -0.00154354 0.0929213 0.412708 0.48279 20.2836
 0.734096 3.36386 12.8595 16.4347 17.4794 18.0705 15.1691 4.14812 -0.0275616 0.116163 0.298309 0.446535 -0.0910487 0.447632 0.381142 0.187683 33.3749 1.08287 2.78437 8.7315 20.3804 32.4884 23.0437 11.3609 3.71103 -0.0684267
 -0.695294 -1.97609 -6.02596 -3.99065 -2.74238 -4.01414 -6.11319 -2.01797 0.041846 0.00869622 -0.0149296 0.0382587 0.0855462 0.0207665 -0.0378591 -0.065648 -13.5133 -1.56236 -2.54782 -4.97455 -6.00169 -6.36954 -6.05747 -5.15022 -2.59582 0.092422
 -1.03905 -1.41674 -2.25739 -0.978972 -0.523919 -0.995492 -2.2577 -1.38912 0.0362662 0.0334801 0.0240463 0.0471653 0.0515682 0.0419548 0.00439031 -0.0276815 -4.75773 -2.09343 -1.90285 -1.86907 -1.31589 -1.12501 -1.33975 -1.87112 -1.83893 0.0851573
 -0.157024 -0.803755 -2.82739 -4.80734 -6.08451 -5.0921 -3.29831 -0.942001 0.0981894 -1.18156 -3.4155 -9.09861 -10.5831 -9.77667 -4.12435 -1.57876 -7.15241 -0.23495 -0.639672 -1.80966 -5.11184 -9.15337 -5.45785 -2.28223 -0.761092 0.13485
 -0.0193007 -0.02966 -0.0532479 -0.0381819 -0.0296569 -0.037038 -0.0525928 -0.0294055 -0.000751567 -0.00215896 -0.00370201 -0.00543883 -0.00485732 -0.00547325 -0.00319267 -0.00125869 -0.115811 -0.0365186 -0.0375079 -0.0430425 -0.0462699 -0.0517661 -0.0459719 -0.0423612 -0.036477 0.00139427
 -1.03092 -0.495873 -0.165407 -0.0884122 -0.0488669 -0.120123 -0.246005 -0.674105 -10.0309 -8.62908 -3.67403 -1.4503 0.0928216 1.87023 4.35974 9.37104 -0.255566 -0.89022 -0.248721 -0.0916164 -0.0733177 -0.0947245 -0.105085 -0.122874 -0.444339 -19.5364
 0.111084 0.955719 3.81571 6.14634 7.62222 6.67614 4.38347 1.10112 -0.106909 1.32646 4.02599 11.5767 14.6298 12.4096 4.90948 1.80542 9.73447 0.0849031 0.658939 2.46521 6.85195 11.9726 7.54707 2.99916 0.794671 -0.134293
 11.7664 12.0415 10.9079 3.23781 0.850456 3.84459 12.5273 13.2942 -0.39674 -0.365021 -0.104287 -0.0497787 0.0063266 0.0518046 0.085745 0.248519 26.2984 21.3783 15.14 8.32926 3.07223 1.27206 3.84648 10.0984 17.1037 -0.838415
 2.49334 3.41308 5.05048 1.5029 0.263573 1.40883 4.82492 3.23609 -0.0352537 -0.201398 -0.269465 -0.413442 -0.34433 -0.364496 -0.16421 -0.0599921 10.9538 5.23803 4.84742 4.28889 2.24492 0.987338 2.14804 4.07197 4.53132 -0.124947
 0.320743 1.71528 6.43886 6.70243 5.85434 6.98589 6.94122 1.89801 0.0054791 0.224719 0.52395 1.34244 1.45525 1.39546 0.602209 0.250919 15.4618 0.437004 1.5817 4.88691 9.12033 12.0457 9.64842 5.53857 1.76539 0.0284633
 0.644526 0.948773 1.78291 0.934742 0.616063 0.945875 1.80055 0.947139 0.0133163 0.0145781 0.00749697 0.0198474 0.0227408 0.0172349 0.00170381 -0.0110368 3.72932 1.27058 1.25501 1.48628 1.25232 1.23441 1.27066 1.50654 1.23881 0.040383
 -8.85731 -9.82527 -9.28269 -2.65965 -0.61383 -2.95707 -10.0973 -10.3289 0.228986 0.0625971 0.0360714 0.0209326 0.0152591 0.0196481 -0.0407275 -0.198767 -22.3807 -17.5565 -13.0449 -7.18898 -2.54139 -0.922083 -2.91238 -8.14631 -13.9194 0.254848
 -0.221428 -1.19459 -4.28221 -7.70063 -10.0017 -8.18743 -5.00805 -1.41747 -0.0868002 1.27958 3.59191 9.36516 10.636 10.1804 4.33784 1.66291 -10.9523 -0.288688 -0.888228 -2.67309 -7.99728 -14.8633 -8.72417 -3.4186 -1.09834 -0.104893
 -0.897075 -3.2079 -11.3152 -12.4259 -11.5273 -14.0003 -13.3158 -3.85886 0.0127742 -0.0714247 -0.28747 -0.963515 -1.275 -1.07833 -0.371738 -0.133912 -29.2816 -1.45743 -2.9857 -8.09607 -16.6103 -23.9785 -19.1494 -10.32 -3.68607 0.0082999


